测试数据：
1691	6925	6541	1545	7917	2642	401	5644	9475	2650	

测试数据：
3333	6653	3787	1232	8804	8939	3100	7785	4501	364	456	7008	4260	6612	1885	1942	1932	5112	5184	7040	4884	1821	32	5747	7258	8513	630	2830	80	2505	5743	8364	2549	6907	5229	8394	709	1629	2395	2406	1939	9837	207	6649	7350	3490	8997	3431	7585	6483	1978	3108	728	6887	5158	152	1808	7260	1806	1526	934	9612	360	6602	6771	6749	3632	4721	2206	1512	5419	7758	7586	2413	234	8410	8641	8244	2721	3739	7418	4023	936	2985	5479	6990	2034	2557	1546	5035	3197	5546	6393	103	7241	4192	4055	5741	1276	1566	

测试数据：
4976	6382	1033	3687	6923	8004	8567	9926	6759	8078	1595	9163	8994	6342	655	6714	3734	2423	8532	701	2484	9949	5850	5145	2522	520	3693	9795	3036	9809	7890	547	7506	256	563	7575	8943	1996	1879	8251	770	7301	9318	8744	6112	1055	7995	6922	6577	1488	891	2599	9914	3852	2069	6205	572	9838	5130	9003	7274	6234	6415	5474	8608	1137	9841	3757	5010	4452	2440	4143	8611	8845	8207	5532	4584	4474	8595	6907	9740	3867	9865	9434	3093	527	8405	1171	3062	1193	2681	1054	54	4745	2155	1558	1681	9784	3706	368	9982	6228	3106	9993	2369	8477	221	7376	2898	5487	141	4564	1117	2993	7191	5887	635	8925	34	2707	2961	8338	8817	9492	7240	406	5965	8886	189	1231	791	4168	7930	6068	4140	3202	1428	2399	1113	7979	4294	3638	2193	6638	6974	2730	2861	9101	4838	2048	5075	8486	8838	3758	7035	9253	1144	7240	8878	2555	3196	9244	6287	7150	2141	2299	7678	17	3540	6617	2123	3509	2924	3590	8952	7647	1941	1214	8962	380	7213	9086	2449	7795	2092	5912	1854	7738	6062	7785	6565	3740	5366	3561	2571	2697	5121	1138	3265	7230	6521	340	1050	2598	7692	5129	329	5425	7948	5317	7535	725	5720	3280	2324	7698	9722	4759	1587	6506	9970	3535	6571	2465	8659	8188	9650	1121	285	3921	621	2177	3787	4280	8414	2503	3950	7621	9805	1115	9754	3414	4411	5295	302	8526	1203	5804	1562	4530	7265	6814	5596	2803	9383	994	636	3101	1949	734	1337	7104	1337	5507	8819	7885	4064	2943	3498	1091	3804	6406	7718	9850	1983	6178	4585	3839	2998	5800	7507	5426	9249	1308	9348	9021	7362	440	7223	2550	8756	169	7357	6726	8878	8411	695	2107	6104	7799	120	7915	3389	6297	7802	3241	2594	5158	9712	589	1798	9150	3053	3615	618	5102	4083	3509	7507	6922	1645	3982	2078	8825	481	2253	2419	929	4096	6633	893	7877	1281	52	7033	6332	6029	5403	3453	948	4971	8030	795	3398	2063	9537	6549	3004	7407	9938	6995	8176	2727	9116	7716	4727	5453	7195	3009	2574	3767	2656	8584	6451	6427	5655	5079	5368	4023	7960	1719	6419	1635	2235	8892	6633	2931	5136	4938	8445	3377	4333	4874	4179	2123	8409	9725	1130	73	8489	800	9	50	4568	7584	953	1455	9693	816	5571	3472	200	8345	6908	2958	2700	1330	254	5184	8323	1936	89	9730	6142	367	9290	9859	3821	8722	9914	285	2655	4423	2138	3355	6569	94	205	7014	9484	1100	2424	4432	1218	8075	1909	5877	8505	756	6206	5646	5748	5792	7992	8952	8861	4571	4573	7717	3280	810	5423	6786	6868	8847	1178	2456	3291	2106	8265	1894	237	4034	6412	7023	543	1140	5080	9312	9385	2763	9744	9510	5561	4705	1907	7213	9410	5989	8245	4155	6217	8654	8930	3950	5122	6447	2656	8963	3637	2331	6117	2409	7815	4058	9641	4197	279	7101	2541	

测试数据：
6635	7084	9296	5386	3847	3935	4060	7430	6038	587	1995	8771	6119	500	2081	9872	5787	789	1034	913	1624	9945	8438	6848	5265	5052	4996	3603	421	734	2274	109	6583	1128	6244	135	4687	5234	1491	6463	5455	1124	1160	7537	792	7324	1641	4486	3405	8271	6627	3291	9944	6003	7226	1075	4077	2476	3372	2351	156	2885	4316	813	1930	2962	5102	9295	610	6772	670	718	135	941	3430	2462	6286	6565	7615	3331	4074	1067	4584	8133	4984	2335	2821	5824	6348	1680	1449	9022	1211	8130	3144	6809	5707	1682	5702	4956	8632	5693	8356	1946	6856	1742	3580	6785	2769	4838	8347	5104	2665	7217	6206	6951	9326	4919	6112	4925	8776	6928	787	2664	8476	5531	381	5256	162	4272	5285	6357	5833	3413	6798	523	537	3118	2723	9827	1545	7497	435	2660	8802	2649	208	2873	2852	5072	3474	1908	7272	3139	4817	99	4133	9497	371	243	3991	2836	1267	7747	429	7315	9267	4826	849	5319	2147	1451	1214	1396	4274	5783	253	5642	1636	6804	1040	9013	5076	1693	2499	354	9916	8697	3200	9332	6788	2785	5106	9061	2935	1148	7932	752	2828	4622	1146	8175	2243	9297	5976	4896	8510	6721	2306	9598	6786	191	9436	2765	4878	6126	3267	965	1564	4674	6291	4147	8789	8058	5099	8061	6986	203	3918	6884	5568	9375	6763	3871	1884	9853	2863	2325	2815	9115	1161	267	5523	5026	4719	2783	5095	2289	1439	2484	8184	2020	2392	9024	3793	934	314	1762	1987	6325	7867	6535	1064	9941	9484	5246	741	7384	1739	9515	655	9068	7770	1290	7887	4917	864	8101	3432	349	1487	7543	4536	5273	2246	545	5774	3214	6311	2748	2219	8708	3787	7569	2220	9641	309	7494	6967	2233	8069	8266	979	1309	9534	8659	8557	5713	1913	5413	9688	4011	5403	1125	8325	5048	501	1263	9732	3625	9563	3189	2762	8159	4055	6585	4659	8722	9454	925	7817	9752	7379	7417	2069	8564	299	6253	2390	9341	8577	5688	6384	2834	1627	8872	4663	2506	1869	5234	6156	7824	1292	3140	2711	494	1109	1689	566	4361	815	5437	7956	4142	3566	9009	4925	2188	362	306	8881	1042	7792	8629	9832	8842	583	6006	533	9350	1126	785	2094	1161	1939	5008	1962	2074	223	4183	380	661	8576	1580	9455	146	591	6586	4339	5994	308	2168	6631	6599	5934	8214	4599	5451	839	104	7560	3364	1416	6678	81	382	2857	1858	3357	874	7803	2411	8334	8654	9529	5026	1796	3052	2476	5196	8894	7960	559	5544	7184	2340	1139	1617	9045	1310	4020	2165	7543	108	8715	1479	1982	4695	2916	802	7141	9878	2019	7919	6915	3532	755	1033	792	4229	4383	1391	2662	2989	133	2026	6723	3441	9911	7519	5324	6458	7124	7	4155	8455	9063	4189	2380	234	1902	5144	2669	5383	4941	9290	6868	2952	3012	5511	3509	2820	1535	2154	9044	8449	7884	8325	8840	7319	1586	8872	8305	631	4672	6564	4012	3356	4100	848	6884	65	4350	5003	2234	4228	5939	8307	5496	8729	6278	3958	579	4049	1988	4279	1392	332	2958	3507	9000	237	1101	1828	2191	7726	2097	8197	65	7540	1066	696	429	8643	8475	8389	2775	9333	9980	8259	1129	2375	6975	9756	2809	8149	3861	7756	9617	9863	946	4522	75	1772	686	4042	3899	1334	9581	2546	978	7046	4498	12	672	5657	4479	8428	3098	1394	4864	1170	7580	6795	6281	8642	5648	6967	3644	9618	192	9658	3888	5139	2344	2042	3710	7444	9680	4743	990	3443	1752	1226	7298	1045	9061	4954	9009	7833	2187	9956	1223	6104	2459	124	6282	4239	4720	127	3424	4560	9540	2027	3040	5318	728	6177	3606	9928	1268	2634	2171	4304	331	9976	7971	2012	8067	4542	5161	2740	899	9571	5289	2557	4398	1890	1052	9757	7520	7797	2585	2624	646	8980	6105	1835	4787	3689	3868	5359	4191	2150	8187	896	6530	6505	2318	5399	1187	4894	8015	3332	266	869	3358	1528	5820	1318	3878	9058	8952	3458	6111	5976	285	1148	2773	3817	7023	6328	9130	1873	2234	4595	5016	9644	7574	4564	1738	2430	2940	640	1867	8755	8727	5028	94	5522	7406	1791	4495	5591	8561	3901	1818	2129	722	9932	1948	6585	6279	7464	5782	1877	2973	970	8921	9324	863	6753	3230	5835	6103	3343	1925	6663	1059	6535	225	8547	5324	9157	1857	692	531	9231	5890	1795	781	9818	676	9508	1569	2705	6890	5445	2239	897	4310	8296	132	5144	6628	4308	11	1488	3685	905	7750	3190	8543	3347	7837	656	4131	817	1989	7327	9040	1654	2005	3297	1830	7072	2086	3737	45	5223	6889	7539	7575	8344	7597	8962	4595	818	6721	6029	3555	7681	1158	570	976	8634	5929	5993	5933	2006	6400	4917	5882	2658	5267	1478	890	7189	3357	8330	1207	1524	7570	4373	4324	8067	6275	4135	9858	8765	384	3773	4391	2774	1054	3098	749	4623	4377	6263	3863	3722	2940	969	2793	7262	6926	707	856	1821	6623	2027	6400	4468	3187	113	2149	6723	430	3741	3515	4125	5105	2296	1034	2626	1844	207	9452	5803	8981	7795	8201	2246	7119	8836	2822	1123	9903	8719	8409	6350	2227	6453	4480	7375	6436	5934	6786	5918	7893	3102	9493	3306	1548	7799	306	6027	5345	175	5975	9862	6564	5540	1211	8978	7396	4109	775	4169	9837	178	2211	5745	7922	8239	9903	7836	5500	6101	1491	9613	2209	849	1784	6987	4168	3409	7177	4122	5244	6292	340	5992	2207	6914	4374	8742	4097	1228	9830	7832	8929	2213	4608	95	1635	97	2725	9412	5123	5644	5968	9655	3257	1695	2748	1818	142	1950	6901	1479	8174	693	7101	7657	2013	3493	2848	7642	7727	9642	5993	9512	403	6111	5462	4605	399	3587	3066	4399	1074	989	6370	3014	6630	894	2042	5949	437	8711	5648	3946	9870	3291	1944	1521	1415	9318	

测试数据：
8346	3153	8474	8883	1964	7158	9352	3634	7360	264	2796	9083	7018	22	8134	8296	943	9046	7291	7073	9573	8261	1887	2481	9512	9917	6787	6109	3854	140	1905	179	9181	291	693	7039	555	7996	8831	8036	6870	6495	7063	8873	2070	1014	6624	8097	576	5727	1376	8592	8428	1267	1070	9771	5433	3397	1565	2063	95	8525	1944	5220	1109	4341	4990	4355	5492	7875	5873	2918	7132	4521	6121	7152	7525	2729	7758	7837	169	3197	8934	2794	8225	2774	1836	424	317	2819	1090	7117	1767	7493	4680	2220	1034	2161	8989	6150	2847	2309	1061	9185	6392	1630	7371	4376	1281	7977	7913	7651	276	1832	8103	696	6876	4472	3472	4770	6908	4305	6891	3809	7760	4109	1576	1586	4852	9341	1337	9137	9604	232	7923	1052	196	8309	4773	5162	4913	6380	5337	8219	5975	5208	808	4705	1509	8703	8211	5376	1854	8245	9823	8834	641	8861	433	9807	5131	7442	1706	2491	267	7397	6324	6047	2455	3784	7774	8284	7517	5450	149	3534	6252	8404	4468	5230	5700	7396	1852	9194	3563	5463	6231	5817	7730	9053	1994	1145	1735	7831	793	4012	252	1908	6304	6707	7144	1549	2383	4985	6333	7821	8181	3667	4618	8005	5825	8534	9473	3135	8676	8185	1579	6593	3483	845	1723	9876	6108	410	7361	2310	5854	6732	6960	8061	2542	4415	3841	1069	7327	7894	3353	1244	1602	3698	5721	9331	4343	6113	4836	855	6531	7620	5511	5466	2738	8630	1140	1644	2798	1258	303	4181	4096	7844	7005	1432	2663	1099	4953	8848	3431	4877	4249	8590	2756	7555	1504	3670	3279	3623	3014	7846	6208	3316	565	185	645	9116	4341	7019	9497	7888	1690	1022	4824	4235	684	3788	7858	1999	5720	9054	4239	2421	2213	5084	1394	6943	9513	9350	2449	3649	1677	9282	8675	9935	2015	4823	3179	6408	5510	3786	5508	9508	8251	6375	2830	4185	3046	3714	7800	132	6982	2894	4318	6710	5813	1070	1909	9645	123	7898	1620	8470	4947	2692	8469	4383	3499	4956	1805	8769	4207	7617	7544	4174	4008	2521	1161	8439	5585	4914	5728	7361	6875	3081	4796	6393	1138	2012	564	8454	2079	2347	2657	4526	1694	3492	8606	5180	5955	2128	6242	4160	7513	6535	9725	486	1355	6011	9425	1900	3479	1748	3363	559	4671	8295	2290	8741	3490	1261	9336	7777	1419	1	7375	5186	8936	6682	1205	8620	1453	7690	2771	235	3418	3686	8042	357	8283	3831	2719	9168	9422	928	8761	5445	9706	5952	4440	6259	9086	4522	3769	7030	7016	8596	9687	6281	1207	7918	5795	1545	3827	7891	5927	8812	4667	4564	1432	9011	79	5539	2699	1772	1488	5981	153	8283	4149	7740	5445	5609	1663	7084	5118	1709	6110	5676	3456	2267	2261	2439	6544	4106	6348	1556	1271	1403	7685	5322	5166	6678	7633	1128	2044	2631	804	6628	3180	345	2998	1315	4994	4849	5867	7657	9279	5087	6005	9216	4643	64	3993	606	7795	2536	1280	3475	8155	910	8110	8928	2997	5208	7432	9326	3387	2665	9410	2173	5353	7288	9622	5836	6567	35	8332	1769	1253	2051	9606	4234	1928	9057	8587	3435	2996	842	9255	1640	1418	2703	6336	6238	2245	1456	6028	8669	6991	1419	5793	1504	1593	4239	1918	6432	1899	5845	2136	8374	6216	6961	2647	1712	550	1718	9139	1526	1308	6344	9273	3853	2461	9078	898	8763	3173	8359	1109	5356	305	899	427	2469	1459	710	1684	2503	3750	9425	2345	470	2287	8562	3698	1371	8469	1285	729	7831	5459	9674	7630	8344	8171	9257	5083	2065	685	2164	2123	2629	104	1740	231	8660	7456	1222	5250	4953	1441	9310	470	7251	8387	5069	1389	7203	207	2392	2117	3189	3888	2009	6222	387	1997	6626	1397	7894	1558	4127	9654	2462	8653	2571	4109	5396	8424	838	7310	5118	7012	9269	7239	1955	4684	1850	8258	6399	6841	3830	9583	9097	6908	7836	2545	3988	2875	4264	8791	9283	8280	4352	4350	2800	2008	650	4646	2046	3378	702	5394	4141	1830	1693	7060	8478	7681	978	5832	3193	9406	9623	7551	8331	2238	2188	8623	6355	3532	4948	2665	8223	9674	6256	7996	5859	7248	5696	6408	8634	1511	5271	9861	6367	9984	1438	1860	5838	1290	8908	2311	7783	5492	5188	5197	9859	2239	6175	3152	8970	488	2845	403	7988	4741	1030	1366	2590	2478	4357	3180	2000	8350	6775	3903	7644	2121	7521	1714	5402	2368	7104	7654	6338	3715	100	8145	2233	9447	5920	9357	7583	2984	1819	8605	8040	7120	3178	4677	9915	4057	210	2426	5175	5136	3529	3544	5324	7146	1420	1443	3657	1339	342	8495	2066	3716	1936	1236	9124	2733	9156	6060	8380	2356	8198	4783	7428	7860	517	9906	1792	4906	8222	827	8009	2212	4386	3175	5495	7755	8777	5088	2212	1570	2247	457	1374	3391	4126	8524	9326	6681	8629	4919	1815	9891	6935	1201	4784	9881	1406	7395	2614	664	5825	9813	5468	99	1516	1718	212	2131	9392	369	7795	9374	8682	5836	7712	4427	5336	515	9517	4981	3162	420	2617	3438	2677	2108	4932	9046	7517	7554	1045	3532	148	4498	7641	1188	4862	1997	8573	7786	2760	9758	2254	1862	4360	8688	2190	6769	5622	4159	3194	4262	9355	8189	3177	4636	2536	2662	6744	3092	3835	1925	20	9502	2478	6440	2504	8048	449	8594	2872	2185	5305	6639	7020	1859	1768	6973	1265	6920	4734	1162	4508	3031	9888	2840	1233	7846	2249	7240	2515	1626	3119	6582	2909	7285	8263	9185	7616	7887	379	2766	6910	7656	379	1917	4182	9597	2242	3180	6289	4105	2122	9674	5501	1662	754	5663	9415	6756	5551	4971	8591	9968	9745	3196	2886	2153	5416	2723	1195	9784	1766	7529	5991	942	3799	1870	949	4411	9358	931	1190	6875	1394	8761	2259	3475	5721	5241	164	541	2035	5893	7506	2544	7562	4574	792	404	6008	6264	1039	5764	5034	7035	4154	6420	4	8604	4111	8581	8309	1147	7559	6503	316	5006	7063	6431	1867	2990	1888	2169	3755	4800	8613	5648	2033	5286	43	6587	9039	999	2837	9722	6686	2733	1408	5650	3130	4061	1116	724	2062	349	4029	3589	1890	1441	6241	361	2354	5926	1731	5634	2465	162	9151	4056	6398	1035	4487	6281	438	9032	1861	195	1002	7205	7570	2286	9778	6011	6230	7936	6897	655	737	1452	7739	314	2313	2507	8117	3897	5573	413	1308	9669	8714	8881	7209	7589	2243	8851	8596	7219	6807	5894	1110	7565	7350	9939	7939	4829	7139	880	6871	7019	8249	9972	4720	4784	1847	282	6173	2351	3565	2549	5893	2992	7548	5875	7099	6316	4633	4692	529	6096	3186	7404	2379	2059	804	1543	2533	3946	1117	5933	7655	1687	9709	7287	1080	5534	2066	2977	8545	6800	4596	1871	5987	3482	2718	6501	3707	1416	5551	9682	1253	951	7168	2717	1792	6233	2886	5523	944	2172	554	1343	7161	8045	3159	5323	1995	6921	2547	7285	8873	5588	3522	934	1054	9245	1944	8559	754	7154	3790	6261	8873	7984	1735	7232	1341	6766	1122	9630	4717	5834	2962	9997	2150	9540	1981	4264	5105	5290	754	1777	8573	2659	6703	6080	4719	6528	2530	27	8039	8928	7950	5127	2260	5379	528	989	1866	2097	3474	1569	9555	7708	975	2191	9925	5219	4456	8087	2211	665	3735	731	6838	7557	9235	213	301	1867	2435	3519	7602	9435	2598	765	6143	3304	5074	8669	9216	7340	2172	8371	3627	4250	5112	5630	8334	4196	1440	3487	2040	5054	9194	1995	1707	9891	485	8959	2512	9942	9205	9059	331	4203	3808	5922	3248	5608	3719	2360	8086	2134	953	2557	9260	9436	2708	2658	8538	1182	1453	2025	7480	9682	1650	6362	4532	2099	5791	1731	4064	185	5502	1312	427	7129	3618	1595	7697	5353	2693	8790	949	1719	6752	438	5710	2618	8988	7490	2239	3721	5591	2445	3884	9451	9049	2032	8906	2223	6455	4507	6294	1244	1879	2349	2633	9403	8341	8115	7770	4820	3350	4861	6356	6935	779	2119	1929	6205	9832	55	7224	4957	2613	2818	763	1250	8917	1844	2804	1133	3590	8751	233	8216	4008	8883	2237	587	7489	5760	6977	5506	2160	6584	635	5918	208	424	1030	747	704	3848	9050	8098	5553	2241	7325	1184	3903	7743	6442	2535	5971	1415	3841	9875	7144	2266	608	3072	382	6906	7456	5354	715	2909	658	708	2024	4736	5820	1549	6651	846	9359	9184	1713	2529	9707	1804	4543	152	8885	5731	2184	4314	2007	9750	4433	4025	1353	2081	6771	9418	3807	1523	5729	4661	7682	5105	8107	8232	3268	4828	8914	6592	334	2623	1598	7595	5436	4877	8188	3064	6972	91	6779	9216	9314	7818	4137	7561	5232	136	7913	6648	7556	7623	729	71	9666	6814	2913	6807	2804	1550	5550	5112	1935	120	7215	4070	4504	8621	8383	6182	3623	582	277	8914	1739	501	9641	913	5245	6428	2104	4043	4393	2013	8202	9243	3419	8065	1329	5686	5254	1900	9733	6763	8507	4513	4846	5147	6600	6003	2721	1083	2303	7772	238	5528	7720	1745	3913	5066	7705	1909	5304	2540	2469	6732	1917	5227	4595	2227	2517	5580	1137	9743	2527	2083	1097	5939	1201	6738	2803	8135	6680	1215	7018	9525	4654	3897	2627	8100	3345	108	2235	8667	513	1330	1329	3038	9066	172	8324	9965	7139	8226	7902	8158	7350	6248	2369	7367	2801	6850	6657	6416	6396	201	5091	2073	1325	2654	8755	9176	1144	6302	1772	3318	5003	630	212	8634	6425	9177	1350	7541	9060	9152	2692	2208	2736	9073	8300	131	6598	6212	330	392	7591	1841	7151	1712	1250	4222	2561	2724	8408	5784	9795	3614	3709	2752	8054	440	8657	6440	8191	4053	9184	4909	6811	3407	2343	551	2641	5633	9352	6575	3991	1590	5567	6273	4376	3106	4166	6514	7428	4016	4119	867	3096	139	8608	1655	5183	128	2779	6337	6681	6963	1614	306	5724	2482	2177	5314	9688	8104	5486	9020	9199	3523	1822	9343	1253	983	6849	1233	9204	9235	4078	8503	9011	3541	3180	1699	7160	7514	3695	7885	732	1033	4728	1174	126	3841	6134	9864	2586	143	9234	1810	1675	6149	4666	3235	5582	5671	6507	1108	7898	3783	7508	283	957	68	6873	4429	5400	7167	5893	7508	6494	6622	5636	7138	4873	6644	3232	884	2254	8880	794	842	2370	3109	7532	5846	2940	4794	7388	2659	444	579	451	2440	7357	6032	7870	717	2088	2869	4517	733	1737	6922	187	8845	6213	6499	4838	6924	156	2578	9103	6427	3628	5563	8971	1407	4982	4345	9707	5125	709	5151	9601	1381	5484	8882	5861	4154	5262	2085	4295	1569	4772	725	2965	2432	2859	8230	7439	9481	6605	2333	4601	974	7489	2815	8193	9863	6677	8682	2418	7075	2250	8851	4007	8155	384	3360	2036	429	5428	7031	7842	359	4456	4119	58	7826	3218	341	2644	6386	4151	2073	6464	2379	154	8922	8452	7494	767	3927	1511	2564	21	5640	5069	5682	5955	7044	6324	2413	18	836	127	2088	7420	7096	9057	1516	7091	3320	7181	1184	9733	254	2603	2329	7518	7154	6429	3523	3310	7334	643	2209	1437	9764	4843	7057	1101	3108	4621	7843	623	1378	4006	7452	1912	4176	3524	2710	3973	9639	130	9290	2524	4772	9667	3537	2405	7233	1156	9047	6441	1761	509	2113	842	6384	4969	16	804	7562	7095	4407	1299	219	1919	714	1188	8247	5753	7175	288	2683	5690	7993	5014	5283	1344	6970	4568	5325	1249	2569	2841	4590	3311	9405	6741	5413	4974	2473	7826	2013	9881	6352	262	3670	9730	4618	4585	2261	2313	8936	2156	3354	8718	4756	8538	9811	1754	7389	686	9584	8747	2770	2965	7111	9983	7772	101	441	3972	8673	1006	900	3388	8951	2656	1722	7350	1013	9214	2002	8507	272	9858	702	887	4453	9440	6445	9289	577	7135	4609	5276	4665	3349	5139	1894	6391	514	1509	1729	5811	2497	5961	6761	5731	554	817	5349	3619	8268	1622	2841	2792	601	8525	4523	6593	145	8871	1076	7807	4452	1448	7578	8983	3842	2858	5756	5462	5573	6178	7598	8485	4994	2835	2341	4012	5724	9378	2181	9099	8249	5338	6393	823	1289	9841	1538	2562	6388	3610	5749	6911	7331	8668	4750	2788	4835	7284	5945	1744	1493	151	1586	399	1737	1690	9515	9372	1324	5045	351	1526	3439	196	5140	2486	219	4112	1734	1152	1681	15	7906	6744	5703	215	6544	1623	7264	8265	8341	4718	1418	3883	3287	8202	2047	8294	3634	8409	5748	1906	8554	1308	1430	8846	4866	6925	3685	7252	7261	6866	81	5804	6420	4419	885	4784	2295	4601	5377	5713	5863	423	3725	4280	7411	414	250	6783	4321	1515	8779	3265	2304	4564	5892	6766	91	4307	6610	4388	8161	5009	27	5995	6131	839	3895	5823	9229	1009	9503	676	1864	5924	8181	229	9327	194	2292	8589	4401	107	9898	1642	4999	6518	8275	9502	8535	8592	839	5400	6824	6596	6663	1202	614	2397	2676	2156	6920	3080	4977	4266	1200	9309	8714	8762	8451	878	9125	744	970	1089	2743	3237	7928	5339	3338	3733	4957	9230	686	1080	762	4516	9518	2107	486	2044	9333	2896	65	6613	3216	4891	8535	1385	4485	9967	7623	444	5012	5880	7092	5156	3421	9002	9195	8299	9154	666	86	6690	1854	1435	2609	1833	359	525	4028	3757	5664	8065	8480	3121	1714	2095	661	7824	8812	9307	2034	1505	297	6694	103	9565	9425	6337	328	77	7106	9879	6155	775	2512	5691	116	714	2570	5568	2094	6999	399	6904	7101	3220	2977	8255	2481	4251	6410	7001	1998	4088	5868	1480	6074	4291	717	9090	6903	8298	3586	6547	4129	1235	4987	7824	6154	9040	7312	1948	8741	7795	1962	3405	3215	469	5589	5809	3796	2850	4452	2478	177	87	390	8599	7046	5871	8648	326	687	4153	9371	374	947	7150	8535	9952	3180	1026	3520	9977	3992	425	2935	2473	4767	300	8677	31	1446	4060	2580	1619	4356	4342	1374	7548	6563	6328	7034	5091	3033	4547	4707	7736	584	3089	2108	1716	7074	8297	8978	4495	7681	192	64	994	9285	2786	7449	7327	1007	9346	3521	9520	207	798	1340	2350	9673	4247	6620	9347	7645	8255	1461	6769	2983	7412	8819	900	532	5420	2014	4246	7302	3425	8093	5074	6649	5407	2121	5867	6791	1195	771	7725	2985	6343	4425	5396	7392	6467	2309	6572	6115	1462	2038	1209	4057	9502	1475	5576	4137	8836	1501	8038	160	243	4852	4495	163	3050	1757	4953	4614	5888	9219	9763	1372	6968	7004	1912	7775	853	3165	1160	2387	7760	1088	5928	9526	9768	9812	4729	3595	4088	9622	7511	6759	3487	3407	3795	7179	5244	3198	6723	6259	5193	680	2840	5326	6074	4301	2721	9312	6293	6253	2254	8292	9844	3178	327	6	4105	4959	6557	9728	5201	1873	4369	1875	861	6518	1189	5704	8925	2132	6144	7783	205	1130	6150	1000	7236	2085	3174	7529	2698	7260	9909	5247	6123	9580	2172	1456	7738	6043	8478	8481	5303	1527	8685	9019	4483	8335	9645	1635	132	6485	1016	1210	1972	4546	867	6898	5903	6666	2529	1155	1005	8802	8935	8092	4108	415	2064	270	4146	816	7122	5381	9393	703	3361	7672	1340	2708	274	452	617	3035	1971	68	3640	759	6313	3876	4931	7671	7337	5957	405	5959	587	5715	8720	6346	668	4342	2298	9495	8339	6614	8184	6530	1366	8818	1134	412	8942	9987	4005	1869	5241	9388	1070	2065	9326	5141	1815	5265	2518	905	9419	5204	2569	428	9518	4117	4246	305	490	3687	4424	714	1491	4982	4037	4945	7362	9152	3496	8728	8560	852	7122	172	3921	4921	428	4559	4227	8466	288	9237	6519	5472	7337	4127	9007	5481	4664	3527	2505	4696	6888	8571	3771	9813	2773	45	4543	791	2696	282	9953	1158	9510	2154	2871	5478	2122	8344	8944	8529	3999	162	6736	9860	5491	3827	3259	3805	3849	6415	383	6291	3693	1727	2423	854	1805	1310	8222	5193	54	5074	8497	7278	9901	2111	9624	9584	592	2297	5686	8326	1531	4392	8894	8391	7919	4433	9593	4697	2096	4579	8261	863	4782	4079	6720	2946	967	203	2198	5310	2762	4184	9143	7009	3087	19	6909	4480	9542	8409	3276	2970	9133	4143	7306	785	3653	3201	6129	2614	4231	2361	227	3268	6547	9106	7806	9776	2922	6925	6832	9327	9997	6580	9788	5929	4996	4590	8477	9868	8052	2722	715	9188	5883	7599	76	922	6478	2507	6701	9787	8981	5610	6929	5290	1828	8178	2536	8344	3166	412	7972	2355	4613	8046	4664	8461	8853	8807	9106	6847	2722	6394	4410	1485	6462	4447	6331	9611	6624	4310	7010	4528	2370	1678	4501	5642	985	3317	4103	659	26	3872	5257	3666	1451	2253	3714	4037	6248	4391	1825	8974	6600	4010	2642	7675	5615	5880	688	123	772	6764	171	8461	486	6652	8410	4427	6986	596	5874	4808	200	3713	6583	2229	7336	763	3218	8170	6071	9030	3461	3971	1950	9738	1099	3352	3684	9058	9859	4354	7587	4835	9470	8219	6089	2590	6838	9750	8624	9511	8626	4959	4911	7846	6407	6707	2	7486	2402	2451	5576	7452	4627	9253	7484	7330	5644	2956	1079	2645	507	2201	2179	5844	1763	2049	8163	1354	1762	8337	7297	1910	5006	288	6519	5688	1905	4388	1939	8687	2359	712	2085	4817	1430	6396	1130	1194	8477	1469	6574	6809	8624	2183	8878	7767	2387	440	2364	9705	1717	9382	7462	9224	607	6052	7449	8160	6812	7793	9313	5749	1596	5634	4053	557	996	6673	7265	857	7512	1653	1779	7685	2923	2516	1226	931	8550	2727	4412	6979	7959	701	8952	3543	4588	818	2955	9379	8657	833	7510	714	6022	3208	1695	8375	4245	8283	5015	969	9762	5116	2829	5683	1444	5577	6449	786	2099	8790	7323	2944	5538	877	9117	9305	7358	3699	6662	508	4920	2652	3897	2436	6192	9970	6365	5176	3122	3586	7190	2992	2422	8472	5300	4409	4946	1741	9290	7898	9523	1821	5250	7176	524	4350	8990	8839	2893	7117	6722	5906	7944	3787	2289	7660	7296	232	2246	6600	7827	4639	3044	4583	7322	7187	991	7280	750	1704	2637	2420	7485	8325	2407	9682	2781	8024	1588	4056	8112	1274	5192	4204	25	8933	2952	1018	4702	7155	3586	2559	5119	3193	3819	213	3702	4500	1144	5375	7199	2466	1361	7928	4522	9813	8611	1975	430	195	6374	1990	1808	2450	8654	2771	20	5250	8133	6726	2884	1675	3001	4468	4479	5160	9970	9476	2675	6964	5990	6816	894	8580	7856	7582	6577	6645	975	9839	9846	7160	9259	327	2948	235	2062	4943	2273	9595	3760	6888	6487	806	403	4177	1946	613	8400	9850	2761	1673	2433	8457	2226	8134	7121	6893	9771	9726	513	2258	1198	3839	5373	6341	2373	4767	3198	1096	3223	4678	7745	5959	337	2110	6840	3340	1817	4855	2463	1168	2655	4574	6370	8659	9844	7838	4444	9263	9327	3271	3	5256	1214	2078	4595	2422	5562	6726	2680	4805	6495	3981	9984	6284	2826	922	7888	6814	4947	1814	4726	1150	157	6616	3135	8982	652	4102	8794	5978	7879	2040	3356	8056	3805	3423	7717	6083	3708	2870	3955	1152	5040	2376	8517	2560	3594	1426	259	959	4913	7882	2509	7100	6013	4833	7057	5258	881	261	1121	7911	8232	1338	84	4155	7748	1881	4747	9955	1571	7737	3302	6719	2835	6126	8905	4600	5847	2815	730	3638	1851	6380	6812	4209	68	4032	6368	4823	2252	3811	3290	1053	5068	2548	1458	3017	4538	4549	7677	1792	6854	1942	2603	4059	2112	6727	3154	4575	5740	8664	6139	8685	4152	4787	2315	2791	5117	5101	9365	980	4740	4713	1917	6518	475	7598	5424	5610	9464	2058	2179	1696	1902	3878	6569	2764	3358	2603	9721	5308	4063	9253	7231	4202	1233	280	8450	8276	3054	2241	1638	8538	7650	7086	5603	3304	3948	1728	4453	4406	8838	896	1445	4892	6466	784	2744	89	3621	803	6279	6438	3481	9247	3743	7030	6301	6962	3865	8449	8719	7427	2685	1042	3005	1978	1090	2765	6856	7955	2153	7844	9995	15	4043	7260	2171	4908	1504	3100	974	9142	6946	1030	6833	8317	2081	7209	821	5865	888	6214	6057	8715	9296	3537	6622	134	9876	8603	7975	5374	3892	5870	8527	2528	8829	1496	8048	7346	6057	7595	6209	1292	596	1732	1600	2215	5951	1819	48	4949	3832	9594	6420	4706	1097	9810	8109	3689	9903	2410	6256	6394	1710	9930	3820	1242	5572	951	3306	1435	747	5343	2213	3390	9779	776	5437	4470	1888	9443	4727	1871	3455	1735	4103	4543	6078	9612	2561	2779	1101	900	2523	3965	2176	4673	6279	3125	6022	5795	6256	7662	8911	9616	7363	5731	729	9353	2337	225	9259	6331	9393	2910	9734	8131	9739	3450	9529	9734	1634	629	9844	368	2242	8818	7456	4554	4571	4842	1149	2386	8155	3220	555	9654	8291	8307	2733	9936	9235	4096	3034	4073	2376	2346	1862	4935	4135	7196	2337	169	2474	1230	8958	533	1050	3294	8087	7231	3917	2752	2831	8365	2131	6915	5752	1736	5420	5271	4918	2886	476	5084	3780	1926	257	8620	5477	7883	5508	9324	3758	2413	8782	7198	482	7932	9230	1979	9133	9094	2264	4607	3238	7563	5951	8101	1871	8112	2966	6005	9470	9217	9508	1660	2129	650	646	1563	8205	7831	3945	4994	7576	2234	9753	8078	5672	6989	8931	1072	4027	8041	4114	7856	2680	3398	4792	6674	4646	9764	634	5752	2252	6761	2722	9448	1545	812	2175	6239	1349	754	2479	1606	1479	8599	1136	5877	5000	4480	2484	9013	1799	3470	4995	9642	6223	1636	1237	5840	2647	6413	1920	2213	2808	4008	8382	776	1092	7878	4499	6337	8196	518	3246	5409	4915	1981	1406	6763	5386	7836	9623	5859	1547	3517	8692	8501	5378	1471	5279	2121	2808	2050	4111	5558	8202	1796	2162	2357	2666	9886	8299	3544	8484	7801	5789	426	8468	4357	1129	3832	5734	1306	9188	6673	7966	2288	2781	8202	873	6141	6013	9813	3827	3869	7216	4578	6410	3319	1603	3142	995	2541	5279	5404	1164	6708	7061	9530	8322	9205	3593	9877	8628	9795	2964	2599	3047	925	3093	1136	7116	9543	5480	9290	1071	3332	570	7762	7392	2423	9964	6468	3639	1355	8166	4693	4404	926	8653	7831	5189	437	5880	9081	8636	556	7375	8093	2688	1006	9253	2159	6034	7924	360	4242	1667	3409	8998	3292	325	9773	4067	5141	6527	575	7944	8348	5588	2033	9566	2059	918	4543	3323	861	4006	5968	716	5388	80	1145	6372	287	7701	5422	6436	6132	3881	3034	3884	6282	5295	6688	6448	3587	113	4883	2158	232	5780	1187	6207	3950	4651	5673	5053	3255	507	758	8692	2796	8479	8695	8891	7001	9709	8523	5205	2505	8808	9879	9331	3236	2679	6842	1516	1238	8758	8765	3840	1138	796	206	4089	4087	9437	7789	1219	9537	4817	309	9950	9171	2277	6975	3970	7940	560	8836	34	1448	4840	5890	8771	8657	3766	1793	1087	6372	1351	9910	2581	1553	132	3256	1668	830	7317	8049	3000	7139	66	6822	6707	1147	3162	3579	5328	137	3511	321	6164	4361	1505	6209	1126	2905	1826	2686	1616	5047	2378	3046	694	6125	2501	6857	2039	5851	4233	5118	9826	4883	9668	5921	6891	9739	1190	9297	4941	8622	5498	4826	1778	420	8395	3022	1873	1572	1045	5785	1432	6631	1929	3333	9818	9198	1365	5419	2938	1366	8963	9163	2153	9595	9649	7278	3069	5436	6481	1962	5810	7053	5441	2086	6933	7650	7934	1711	6447	1643	3125	8010	4574	1034	5691	2970	7082	2045	5565	5700	6743	2904	7578	6322	6998	6723	6319	6757	6913	4804	1987	8142	4727	1550	8709	5887	9092	1850	5378	1933	2373	2564	6220	5864	4187	4250	9415	127	6174	7329	4230	9582	3235	9305	4517	4233	6865	4177	9672	7037	5808	3261	3492	4837	3971	9623	9884	3435	360	4901	1584	2079	5438	7946	2160	973	8054	47	8919	4474	3501	2946	2934	6831	9609	2719	7054	2041	5281	1263	1683	5920	6242	8463	7917	1622	2383	1250	0	7059	249	3689	238	9279	9680	8322	4763	79	6904	1039	8386	4420	2031	3721	8167	9568	4927	3076	5292	4858	9567	9748	5239	1860	2110	4144	6708	1275	7059	6103	9303	5902	142	3952	7861	9395	163	1158	9828	5047	569	2084	4832	7109	5758	3101	3935	2264	1197	9151	2167	2068	5298	5561	7982	130	1949	123	9682	5306	6118	9708	27	5302	7136	1970	6574	9796	8512	6381	4067	2861	6288	9653	873	1188	9695	2534	696	7281	6764	1961	3447	6254	1843	7093	6767	3889	7238	1221	6720	6732	5936	8363	851	1873	1894	1797	5791	6586	6303	2544	6176	2856	1478	5227	6421	1274	4349	9325	9817	9329	5684	4137	500	9810	6826	1360	4898	6955	5794	3879	533	7305	2218	4220	6902	1193	8025	1875	6066	7373	7207	662	4067	5026	5426	9132	6988	1792	9550	1545	185	1009	1116	6087	294	2790	8894	7842	9359	7190	5609	4010	4968	280	620	1893	9758	116	3776	4580	8014	5733	385	1447	4868	6177	2061	9475	6454	2060	618	354	7138	7273	3628	1531	4325	5059	487	2948	4654	5883	4850	1910	1171	419	6125	8464	8514	1691	4804	2206	2314	9513	6020	4235	2155	1006	5486	4901	8763	3975	3898	4912	2459	5425	1198	4734	7994	2449	2302	13	6200	3906	790	5649	349	2912	1974	4100	410	3013	1405	9291	784	9762	8089	3595	8720	2097	1678	2908	5156	2632	6758	5772	4380	6192	9207	3271	3995	3991	6059	9302	4163	7251	8108	1077	2077	2760	2430	2506	4670	4604	1282	914	2535	7336	6056	8254	1036	4386	6788	5999	3543	1865	3125	413	3117	1584	4914	798	7857	1295	7269	8005	9624	9798	1661	121	1533	931	7246	472	5270	6566	1244	3772	9511	755	5944	3869	5861	2392	1609	2758	829	2544	9647	1548	870	2567	2981	5980	3477	3631	6933	244	8416	7778	8176	8022	3956	4361	8270	2793	4330	6892	6578	6800	2024	8347	4801	3022	5332	4060	8805	5082	591	3206	6766	7744	7983	4158	5480	6328	4813	7312	2610	9835	2817	9776	1790	3331	4650	9793	69	2882	1491	5926	3373	7782	450	4407	2397	5227	9106	6918	1215	5410	931	2195	8711	33	2321	2029	9124	4362	1427	7386	117	1985	1556	5032	8510	9608	55	1636	1003	9389	7303	9132	8964	2278	765	9200	593	2460	517	3614	9088	3958	5555	6591	741	9143	8194	1435	5265	1451	173	4868	6294	7133	5346	5138	57	2029	6675	1339	7689	9585	4303	9861	4256	4697	1777	7262	6744	5319	2119	1916	1775	2559	998	6673	830	7195	3595	5522	5430	6738	6277	2280	1772	7114	1346	1270	4487	779	1079	1851	535	5974	4244	8283	3096	1686	2358	4633	6456	6870	8447	7480	1573	5284	2163	9762	9050	8772	1269	5320	3020	2679	3330	6412	9904	685	5931	5259	31	9353	5433	3791	972	2453	5324	7988	3973	8742	6980	553	1897	4336	4948	2777	2650	5053	1252	9147	962	5386	7638	8678	1610	579	6683	7257	3369	9072	1927	1290	9562	7328	274	3118	1457	2613	7728	2153	7247	4671	5716	5766	724	174	4592	3704	9349	5330	3296	6850	382	9942	1112	6868	1113	1213	5594	9079	5871	2123	4141	1435	591	2054	667	6223	9933	9742	2553	1841	6221	6059	8700	8055	4384	9927	1258	5741	5118	2892	7231	6399	7685	7807	6545	7978	9920	4205	9382	9342	6604	7684	1061	7350	3575	9733	2810	1003	3673	5753	1182	7702	6072	2802	4438	5637	8119	9907	810	2256	3582	2290	985	2828	1504	1277	5243	751	5528	8027	4663	2549	5782	9461	3159	8579	8073	6037	2968	4090	5437	557	374	1038	6615	874	8728	8232	2654	7819	1096	3433	8541	6925	6390	7135	1494	9577	3261	6285	73	624	1957	1942	2949	9157	123	7018	8286	3788	238	6388	9008	5458	4411	5507	5075	4029	5740	2600	2511	5525	8108	5647	130	5204	2574	1826	5568	6090	335	8026	8634	8787	6312	3959	7602	7101	8089	2450	1358	8052	6547	9233	4731	8689	4020	9883	8851	6563	9704	3164	6002	7356	5358	2091	1430	1615	7033	8139	965	6664	5416	7311	2628	2621	3913	2081	8565	6083	9641	4244	3536	9973	2190	3768	5669	8176	6377	2527	1680	1618	454	4158	4159	1797	38	3845	160	6726	95	8818	2110	5771	3906	7827	6414	2773	8238	5756	149	289	9347	5192	1244	8469	4761	7106	1447	3242	5106	2454	242	116	7885	3012	4572	7034	4092	4341	1449	3346	9385	2577	1059	5884	3188	3920	8993	435	8368	5935	459	1903	8223	4902	2780	4078	219	2327	9944	8436	1351	6570	1392	6288	261	4199	8628	5410	377	4899	6761	3130	893	5167	7051	866	7094	3980	4004	2879	6215	2308	5854	6196	9270	869	9381	9575	4588	6783	65	2472	4400	5825	2787	4911	8678	2623	3197	8965	6499	9190	8807	3814	6212	5539	5887	8742	8672	2593	2496	7922	2060	3297	2023	9208	6398	2943	1394	3817	6724	6562	7273	8221	5525	1828	6098	6840	1528	227	8944	3900	979	6008	3867	5375	6999	1382	4390	2767	187	1157	7389	1155	7941	8831	1837	67	1040	1626	6569	8971	3851	6488	6985	8251	750	6843	6566	7939	8339	7693	2020	8878	4322	9263	1166	6636	508	7424	409	4821	349	6192	1778	4250	2572	4806	265	1438	8309	1471	2834	7749	3257	2888	6713	2059	1475	4414	6838	2920	5935	8899	673	3955	1782	5220	1800	6965	1293	8825	47	2016	7087	4876	6167	4960	1960	4157	7762	9072	2531	454	9990	8943	5062	8059	9456	6068	2157	4276	2507	9808	9508	1998	3105	1652	9529	8030	4272	6275	5041	7784	3201	89	7545	1199	2934	6044	4944	3022	1345	1185	1716	1670	2477	3586	2218	5801	6471	6399	2626	5751	8268	1634	7082	2182	6842	3112	178	6967	4495	3325	7503	2470	3559	7	8084	2579	1860	6342	3198	1807	7982	5690	1391	569	2142	9861	3277	1418	8341	3330	236	3277	6226	7511	3977	9539	2132	247	3864	885	3021	9115	33	2556	7528	4130	8742	478	7372	5238	3993	1353	9504	1889	7995	2181	1009	2656	2392	1717	5603	4071	6017	6415	5893	2630	6650	3964	3016	8058	1637	2065	5041	3494	1278	6447	8076	7283	1545	2553	1299	8197	201	5076	7696	4321	9954	2195	2976	8476	8241	3940	888	5526	2987	2612	1420	7191	1619	1322	2862	9544	6528	6835	3155	6853	3790	1290	6428	8449	500	507	2884	5690	1990	6824	901	8911	4907	1419	6577	7136	6178	7901	6781	8757	608	3366	4368	7474	1005	1750	2221	6329	8017	2179	4604	2896	1881	8500	368	772	526	6702	6005	7038	5128	4717	5720	8517	4174	3013	7756	692	545	1081	7962	1758	4794	1899	936	304	4225	1350	3741	5269	4800	2969	6804	5871	999	9924	3167	7093	1297	8616	9182	2104	6519	5610	2545	2922	6595	5256	9866	8353	2360	5232	1830	7752	3440	7181	1965	8584	1830	2194	2792	4613	4789	3660	9042	571	6656	7219	9122	2715	8932	8850	8345	1296	2059	2328	23	4375	6386	1550	898	6030	9933	9145	2346	5820	890	9906	8470	2994	1667	3396	1299	9536	2344	3829	5247	7867	2732	5241	3553	1566	3231	6820	4059	5566	7084	4735	7826	6515	819	7645	6253	1251	8874	6510	6189	273	704	2051	3340	294	9954	34	2217	7679	3809	8173	9522	9176	7635	350	8339	2806	1513	8134	1535	4715	5922	5895	6651	5446	2542	9950	5971	2089	1462	6357	2136	6815	5657	1783	6871	2253	2970	5925	3984	840	1976	6505	7844	6456	3678	410	8080	4220	2012	5215	8922	3550	4037	375	3754	5896	8956	1689	1963	7159	1736	2615	8914	847	2207	1320	3998	2255	2594	6389	1600	4982	3318	3764	6365	7749	7699	2020	1169	6055	4944	8377	3479	2960	2494	1481	6342	594	6675	6741	1854	8389	4874	1788	4580	231	4330	3532	9834	1458	3540	8250	1090	8526	1825	5	5876	1639	2139	518	2558	5488	6971	282	7100	4375	6883	6787	3720	891	1532	1339	6835	1020	6115	3579	5445	1457	4144	6412	1362	8800	583	1532	1198	4058	5170	7635	9042	1716	575	9974	2686	9390	6742	1483	4625	5309	6702	9838	7912	603	272	6836	6579	834	763	6430	6078	3477	8522	304	207	4832	9635	6066	2763	1089	7474	4183	8702	8726	8341	5965	250	3257	6585	4884	2767	8282	5973	2914	7501	475	9925	9702	9862	4162	8026	283	4839	9402	784	672	8168	2347	1136	9350	9346	8827	4839	7833	2336	117	1911	5570	505	7817	812	8508	2878	1892	9858	2567	6559	9874	2901	1530	99	3409	8872	6587	1111	9272	6234	8099	1686	5751	3895	8686	8298	641	9819	817	4834	7719	7820	9071	6964	7959	184	5501	3717	821	8044	8548	5719	8936	1894	3495	882	1529	2638	2758	2535	5591	3857	8291	4608	1694	2318	4579	764	6826	1413	1558	2954	8374	8203	3786	4163	8266	4675	1357	1453	4756	4122	2114	3869	3654	514	7431	7676	2017	7026	484	542	5024	1851	2070	9887	1208	5342	1804	6143	142	6140	2530	6400	2234	8030	236	429	4714	3479	2229	6893	2234	6214	1561	920	5251	1584	288	3353	1681	1501	4653	357	5626	402	9845	3419	4796	8575	1107	4860	7509	8666	6859	3981	2761	2332	8749	2347	8512	2234	1085	5486	6798	807	5617	5041	9111	9912	1371	960	642	2200	4424	7155	3453	604	5447	5739	4578	9386	4734	5595	8	2870	2794	4681	3965	7277	4549	1988	9491	8566	4317	87	840	7221	7282	959	2010	6754	9568	5418	2331	7017	462	8209	3186	1075	2294	2024	7682	3509	3670	819	5646	152	934	9355	8701	3561	5436	6288	2715	3777	2364	961	4529	7608	5524	8891	8725	9813	9959	6287	7956	4986	2167	9047	1968	6878	8920	2089	85	2282	3171	6796	7664	56	4233	9035	9298	248	2409	9369	1873	1157	1860	244	1343	4184	3582	5612	2655	8779	1671	534	2038	5201	9371	684	8335	3988	6215	5927	8306	1567	1693	5280	693	9646	9066	9395	2466	2002	7973	4677	8651	441	3483	247	844	7533	3433	3387	9665	9788	4489	9767	7944	2360	7250	3464	3287	3135	2953	5401	6641	3902	9196	1812	757	1362	8624	744	2696	783	6136	1148	596	3349	1338	5155	368	1071	5789	8272	9778	8190	3318	8539	8514	3989	5875	3221	1985	7030	3031	9784	2698	6350	7143	2963	4648	3468	1220	8037	5017	6919	4106	4279	481	5281	6344	9327	562	8278	98	7346	9946	5786	2644	4970	973	7682	7895	6808	2052	9297	5464	5756	2934	8806	5735	6323	7783	6836	3054	6400	5007	803	6131	7822	5244	853	2847	8996	9850	1003	4544	8714	4049	6360	2075	5659	320	9398	6390	2108	2505	2776	8854	1868	1581	9536	3908	7740	9737	9858	5445	5601	9857	8425	5194	1016	8748	6665	4773	569	8272	1156	1582	8735	1200	7376	4645	6311	2099	5161	5944	3559	6519	5059	2455	9617	7877	6867	4870	6855	5319	7375	9299	49	6231	1378	7481	5197	1786	2997	8404	2327	877	3483	6869	7562	3598	1051	200	7269	2398	6595	5413	5553	5270	7418	7876	6834	8216	4727	2261	1564	727	3441	6174	1560	2410	8551	6214	1655	4844	4881	674	2726	8792	8326	5869	3602	1443	511	941	1822	8922	8156	6852	4579	1326	7574	9077	7064	5693	7108	9528	9090	1859	5794	7215	1053	1681	7198	586	1003	2573	8261	8103	2093	921	6095	1710	1824	9096	3638	2492	9593	8846	4364	6591	2613	8648	7997	7906	2954	557	6370	3320	3842	1539	6920	4222	697	1716	7409	1292	2116	9314	3833	2333	8164	5017	8332	4560	2684	5076	4758	61	3151	8195	875	2460	2654	9195	2072	8562	4561	9758	2169	1789	2323	2285	2989	5811	691	4124	9335	7766	9352	3573	5974	5658	3316	1071	1111	3322	429	367	4649	1208	9704	9072	7873	2724	8727	3552	704	5903	2116	7403	5298	1823	3758	5243	4919	1253	9716	432	1495	8174	6399	3549	1042	7192	101	691	8871	5637	4795	114	6070	1380	1099	8589	3910	5454	5879	4765	2939	8831	2188	7065	1075	4582	9466	9557	1776	4942	8323	4408	2475	2189	2434	7138	1847	3933	2943	6030	6115	7882	4848	6388	8228	1147	6593	7170	3139	1924	183	44	2578	2443	2593	3938	8725	7193	720	5761	143	3620	1705	364	3690	8219	3193	861	3179	770	6440	7014	5717	702	5137	957	6781	6195	81	1320	7006	7676	1502	6293	5406	5882	9178	8221	9233	2754	2584	8553	3052	6384	2462	4229	4924	3408	7131	6469	744	2174	1531	6886	612	5180	4009	6982	9368	4565	2868	8086	5329	6991	7957	4574	5350	1718	6272	8962	4717	1399	3913	7860	9983	218	7833	6938	6025	6404	9265	9874	4997	507	398	4963	6568	2203	5293	2854	77	9416	897	5060	754	7349	5924	5649	1089	4869	2842	2986	131	6465	4588	5003	9632	7225	5235	2740	6905	4590	2866	6685	2841	479	3257	1111	4953	8626	2152	8357	2212	9030	4753	379	3227	6038	5570	4437	521	9841	6961	428	489	8328	9976	997	7143	1863	1187	6426	5844	6855	7767	3900	3166	1923	4342	2969	9967	7274	464	203	5525	6805	5196	3794	9362	3546	855	1091	757	9024	9644	1968	9177	7795	4774	1018	2412	9242	5154	8868	1186	823	6519	986	5771	2559	8682	7025	8642	5243	2669	337	4520	1262	4857	4529	2001	1864	3996	8850	9821	5467	3780	4367	6873	5484	6397	2706	6247	8523	8471	1482	2411	7318	8235	1564	2440	2459	7023	7544	843	8365	9465	3790	1845	3273	1009	657	3423	4490	5465	1722	3257	6265	2433	2159	2627	2441	6054	5094	1440	2290	7115	8997	760	9740	283	1724	9709	6814	9213	2101	9264	1208	2569	6362	7668	1598	6635	3560	436	8118	9526	5107	289	1940	7770	8731	1086	6755	1512	6909	9999	2711	4469	3916	8607	9152	3822	8945	2258	3170	8044	1585	4970	7075	7496	2478	8606	7349	5520	5169	5447	6484	1465	1334	9357	2594	2136	9704	8658	2482	492	6575	381	2609	4094	7591	1162	3659	8269	7636	9519	4189	8179	7426	9090	3543	8011	1793	2185	9525	2695	721	930	9294	365	9658	5349	3452	8050	9552	1191	2413	2810	3909	3024	4393	1422	9151	927	102	4063	1899	4604	3192	8922	4370	2814	1388	8909	9820	8991	3943	6761	466	492	7755	5256	9032	7905	394	7137	6058	3525	8078	3769	3958	2050	5591	3756	8267	7080	1286	2669	5536	8145	315	6986	473	5704	8426	6004	7301	2214	2611	9261	9035	2269	1810	35	2567	7577	3348	8428	4783	1636	8043	6930	394	793	1619	4113	3459	5019	1526	2110	3739	8919	6349	9259	1565	150	2905	8904	1910	2568	1585	6380	3301	8302	140	4085	303	6902	8433	8364	4597	7100	4077	9644	6586	4575	245	1844	8256	9586	3869	363	4163	452	1672	8964	9560	1378	2880	9938	8247	2747	7577	1710	8982	2389	2929	2278	7512	7630	5819	8024	455	8789	9452	3056	1133	5162	1589	2014	2265	7380	8402	7500	8624	9953	1778	5038	6914	1907	6841	3530	2302	825	9650	7946	6808	6699	9097	6048	2555	731	9096	8665	7850	1176	3408	6565	5723	772	3658	3254	5638	3368	2878	3544	5866	9383	5588	5520	2161	929	314	6823	5301	5161	4757	729	6355	1768	6299	616	4559	851	1441	7879	7288	4331	2224	596	45	4372	9581	9909	1840	8120	4857	615	4330	1612	6070	8627	8847	9396	7564	3522	2627	7794	2202	338	7742	8197	3697	3929	1276	4624	1149	1737	888	1159	8149	3829	714	7074	4838	963	7646	2267	7867	6322	6615	7034	4080	7214	6595	6627	3286	50	3825	2750	3641	1694	1633	3880	9185	489	155	7896	4406	2648	1314	1861	9400	1503	2970	7510	2797	39	376	9273	1404	6529	5017	4184	5593	1546	1110	4776	7522	4928	902	2196	1386	4356	2004	7851	2164	8592	5571	2965	9746	427	6239	7771	1230	4347	7285	7992	9178	2634	662	5434	9235	891	5992	9117	4475	991	3102	1594	5206	9396	26	1356	4565	829	3376	1972	8002	6487	1596	1342	8059	5067	4950	3059	2098	9648	1060	2816	4820	7187	6913	8182	3865	2857	8461	1571	6940	628	2134	9362	8315	8485	1525	6366	2961	7185	3580	5405	3570	4518	6462	987	8119	1199	4511	1956	1963	7415	318	2726	2916	1243	3616	9477	6534	4131	2736	7729	8789	1874	2771	7030	329	5483	8192	7042	1479	7975	3760	8445	7246	8516	8098	1844	3823	2560	2531	1525	5056	9751	1852	2146	4546	8057	1340	6880	2754	1904	8823	8527	9245	4624	5663	8079	696	239	9746	721	4607	4087	8372	1451	3372	8106	8591	304	4186	1366	2697	7200	8810	8713	5541	3020	5910	4454	5659	3549	8469	5464	3660	8581	4350	9575	7537	8821	7600	8089	68	8417	7489	9354	9649	7617	565	1167	6958	4745	7810	6168	6473	1708	4929	5684	9265	972	5560	2970	8231	5477	9430	6820	3878	1723	798	5902	129	6705	728	8160	2732	7595	4852	2248	3135	2966	3409	3836	4678	1687	1181	159	1403	8913	1085	7537	5064	843	7167	8012	8488	1489	1822	1772	270	1001	407	1886	1256	3705	4041	605	5476	472	6546	345	452	9122	760	4345	4623	704	8676	2242	5576	7207	9222	4936	6371	3919	2293	1396	7476	471	1637	7143	554	1447	1807	3215	9277	2935	1931	3831	5732	5710	3073	6931	1002	541	1905	8109	9361	6749	7023	426	391	3350	4483	6800	4617	705	2080	4043	5717	5217	2531	8014	2148	6237	7054	216	8632	4801	3062	39	7858	2887	1754	4401	7496	4511	5941	9872	8389	2294	2534	7358	7793	9702	6286	5842	7090	3690	2793	5353	8115	277	736	3256	3860	6068	7790	6161	1538	5313	7602	9685	376	1865	565	2553	8726	1152	5164	5404	898	723	4944	3095	269	8687	5549	5797	6311	1809	1351	1061	4580	8573	148	2766	2497	8082	773	659	754	6077	4454	7016	7038	654	9833	1364	8493	6184	6142	5958	7472	173	3575	7868	9155	2793	9161	1426	8959	4909	4260	7080	8338	5856	4470	4696	723	8641	3421	3494	656	1535	8492	7305	218	2012	2240	2681	9444	5392	1411	6584	1160	5226	97	1014	795	5644	5513	208	8642	5896	3142	3962	5924	3477	7839	3757	6434	7783	7196	1857	5093	3422	1626	4079	1990	2381	1120	2992	2004	2926	5011	8890	9169	9684	9607	4813	7614	929	8967	7256	5896	3049	4742	4130	4419	5622	4199	150	1687	302	6987	7581	2296	4610	6201	4658	4122	5720	6626	8963	2675	235	2485	4436	8403	1025	4016	3416	2579	5166	8153	2098	954	2168	3692	5720	4214	3770	7926	2330	9929	4668	33	7138	2737	803	4368	4620	2540	4133	9566	6359	5739	9904	2578	4109	9927	1483	358	2848	9202	4941	440	821	976	2732	1440	3205	9013	537	7667	850	2608	1339	3160	4407	2968	5001	8713	563	2870	1708	5868	6663	8788	9043	1074	7053	1732	9737	3551	4844	9844	740	4700	8842	4512	671	2858	1233	3065	1371	808	6213	2564	7218	9382	676	5622	8572	6090	2879	4895	1749	1043	457	5492	3134	9725	669	7042	8146	3637	245	1872	2045	237	8760	5348	3896	2401	1859	3928	1784	6235	5484	2334	5656	2996	6338	1106	8484	2093	217	8096	6776	8493	5733	69	3255	1787	1685	4938	3824	238	7298	1502	5006	1698	5272	8659	2304	2415	1780	2476	7352	8805	6750	3078	1991	4490	265	373	9001	3816	2249	8879	8525	6736	5124	1743	552	6483	9548	9731	3098	3635	8892	7191	305	5861	5793	9317	3933	2058	9563	4589	7556	7646	3588	6722	8006	1168	2128	453	2755	7091	5206	7814	9644	6645	1438	4120	9000	7310	4731	7125	3208	6459	8091	9010	9757	2076	1532	9123	7112	9450	3953	7762	9170	5086	6134	1052	7469	8221	80	8924	9675	6488	5273	7933	3069	9748	9354	3050	8175	3732	1497	2520	6146	6464	9830	4807	9706	8432	256	6804	8313	3993	1102	4499	9035	3260	5547	6315	7828	3195	1377	3906	3591	5309	729	6427	9881	4388	961	460	485	9485	671	3781	352	984	3686	5742	4864	3449	2454	8017	8761	5742	1801	8920	2360	1969	8475	2456	5747	4288	3450	2366	96	8364	2575	4648	5910	6799	218	1591	1169	4273	261	7395	714	780	2178	6288	5542	2686	2406	8112	8894	7104	8714	4618	7183	821	896	8041	7106	6517	5603	6280	8687	1963	5602	9180	669	1099	9566	4994	1069	6535	370	2315	6873	6196	6931	1460	2118	3209	8183	3835	65	1144	1915	6800	4378	2624	1503	9640	9770	5554	1781	936	618	5618	8395	8000	8423	8225	9477	4229	8321	6217	9358	8883	9379	2696	6976	6819	7800	8048	6114	7162	1147	7742	4417	8450	7647	1690	2787	9677	5281	9422	1640	4934	3819	8651	7793	3243	4346	5305	1670	1704	2195	4765	6610	5445	3537	863	1522	6772	1394	8972	782	8691	1923	4666	8343	8633	6296	3834	3794	5807	4400	1267	8403	187	745	8045	1662	2277	1136	746	6969	372	2028	2364	6998	6201	5564	3635	8880	7967	7309	6485	3332	1488	6928	4803	450	1420	9692	3610	3524	2614	7104	6583	8239	9151	9451	591	8887	3863	6864	1918	839	3728	9988	2398	7489	7814	9194	4602	7539	8668	4481	8131	396	8313	4380	6163	445	5267	2802	4304	306	8842	2583	8755	4723	360	827	6282	9382	9223	2658	7467	6152	1349	3843	826	2236	3876	1844	6941	3395	2148	5751	4653	7933	548	1710	1872	4366	5334	3428	709	3492	7396	9247	6287	536	4592	1360	2150	1315	8208	7789	9466	5955	3353	1426	1273	255	7675	4611	8947	4215	7758	1253	8301	1855	4811	1102	7411	3965	3934	2201	3585	7921	9178	9182	7267	1301	9774	7602	2891	2181	3127	6283	2339	2401	7638	3399	4404	513	3891	6110	6806	5176	8162	6724	7289	7403	1877	2883	3380	100	2850	5353	5195	2226	8183	6462	3206	1747	539	1705	5776	9429	8758	3075	94	7818	8180	1564	6849	1306	6901	1404	6284	8861	6569	733	9642	5305	6683	2135	8266	6568	5483	1948	2077	8830	9168	7142	9666	2314	3134	1421	1279	7067	5732	621	2930	9173	2265	5015	6744	3651	777	6471	3807	2495	3962	7446	1047	2848	6628	385	143	739	3008	1114	3965	2878	2751	5422	5629	7009	7119	4566	5838	2894	2682	2289	7864	842	7727	5682	963	5124	3749	2038	5381	709	173	8329	1466	2809	3272	1145	4969	1229	7145	347	2100	1609	7547	5789	2432	5553	7062	1788	5702	2966	6863	6199	1497	1842	5709	8324	2344	1556	979	817	4903	8	8347	5981	7897	1755	5103	1608	3825	222	8462	9976	1994	7752	8029	3645	994	2305	3612	2104	318	8828	5227	1383	9387	5829	7900	8836	3537	2572	90	6432	8620	9840	3867	298	5006	7279	3074	8180	143	5613	2536	4855	9590	9523	1132	6373	5661	730	3496	1824	7872	1352	7190	4394	8374	3866	6531	4876	388	8819	7331	4491	7902	5988	3733	9543	4495	5229	6760	6486	5242	1634	1022	9281	642	4465	6256	5037	7591	3	5682	5629	8050	9665	3561	2694	5956	1658	2682	8003	1946	6434	1413	7050	2003	9948	2721	2046	6804	8012	8201	4134	2796	2694	3352	3775	1332	8379	1425	5453	5834	5637	3523	5496	9278	1152	2075	2964	7515	7852	9674	7073	2602	8112	744	8149	9764	2322	1688	8966	8343	756	3598	2413	1595	3377	575	8295	7653	5320	7128	9886	7324	6088	2610	7303	4250	6989	2932	6637	2484	4665	5209	6542	1646	4806	5124	8276	681	3883	9265	7063	9791	686	4382	4593	5552	138	5978	4563	6029	5905	8012	1510	5813	1683	1847	8692	8863	6607	7725	6055	9255	24	6466	3698	5404	1260	4050	4367	1066	50	7397	8697	563	2210	7841	4860	3699	1306	1697	2665	4388	6237	8422	6558	1247	2926	1755	5669	3284	5998	7741	8316	7500	962	5002	1429	8941	7705	3945	5343	654	8109	1339	3525	8812	1831	3728	7684	4652	920	4877	2755	7697	3445	6860	6638	4848	2194	5093	2612	3651	3875	1196	1427	315	223	1851	9919	8825	934	929	6570	8767	8292	9659	9569	1426	1542	1490	5683	450	9357	4277	6120	1358	1217	1528	8111	1266	9271	7933	1192	370	5510	6003	915	3147	6886	2428	489	4824	3226	2515	2634	9843	2704	8701	7686	6796	7127	4735	6224	2719	9936	3665	8575	5041	8728	7554	3783	267	1348	2428	3145	9818	7198	1465	3222	6566	208	7157	1753	977	6190	1446	4565	675	857	890	8796	2052	5393	4000	355	8201	7850	122	1538	7155	6178	6992	5680	1204	7490	1273	6878	7107	3492	9350	6771	722	1316	9775	3464	5598	4153	1858	5381	1478	4134	1961	2188	3056	8636	9516	1107	8761	5699	4039	7560	4844	328	8828	5041	1316	6937	476	9793	1621	2735	5586	6434	6424	4283	7329	7135	7429	8004	2048	1776	6518	4096	8194	7212	7177	5713	2907	730	8615	3490	1888	953	9523	658	8974	2321	197	3568	1053	425	1479	1528	8566	9067	9599	5052	7411	948	9487	1351	8311	7968	713	2478	878	6054	3287	6504	1029	5151	2634	335	2381	7165	3042	3208	268	8890	8093	5903	1173	7374	8003	7494	2537	7974	8529	6976	926	2081	6292	9897	2799	3548	1337	4585	8452	9264	6226	9144	2131	2282	2508	3828	8615	4476	9823	7808	5248	3635	2069	9871	2939	376	2319	2050	2516	139	1076	2511	2089	7148	8331	2067	129	5628	3548	1432	8828	1924	9570	2794	6924	2019	579	2358	5925	8462	1955	4245	609	1892	9845	6040	5608	928	5988	2100	2142	66	1297	2592	5660	1759	7598	76	7380	7768	2091	8676	5999	5785	1166	405	4745	2403	4312	5568	5728	8604	5798	4397	2744	5444	1493	2385	3443	1660	7610	6643	4751	5939	64	4491	9712	5425	4819	7165	4720	2743	5133	6613	7268	1590	4831	3186	161	6224	755	3896	2750	6140	1983	5632	9436	5293	6669	1523	1252	5269	8984	1864	607	2390	3369	2890	92	4954	4995	7597	5853	9779	2124	178	3251	1221	5885	601	9132	1027	4844	9030	9497	6215	1576	6343	3701	8886	1220	3478	5459	2820	6184	506	6903	3267	2324	9874	4264	2754	3558	6661	7572	7316	1470	1715	2341	2157	1152	1441	2850	9732	3866	3459	89	8502	2679	8714	2715	5656	7811	5680	1961	2671	6784	1874	7758	7171	5928	4942	1932	6833	5748	7900	1900	240	5628	8210	1776	1942	656	9986	1132	12	5766	8151	8116	3807	2133	3184	7815	1481	1458	4668	8269	8783	8793	7991	4220	844	5534	2228	1649	2495	7236	1419	558	8192	7710	6820	1039	8184	1460	8773	3489	4289	8073	3177	8788	3004	2746	1218	32	1458	601	9920	9671	717	27	4674	9802	8552	2078	508	9742	644	3503	42	1120	1724	3180	3812	3991	6859	6597	6898	9129	3133	664	6018	7857	9795	1598	8072	95	9899	496	2789	4768	864	4269	8763	3871	8237	2688	3199	5852	3320	462	8688	9164	6140	2621	8392	6738	9543	7836	8944	1421	9094	6846	8793	8849	7950	8968	4488	2890	4797	4286	2034	5471	1679	4041	889	3795	7061	8540	6661	8466	7091	5527	2230	1658	7657	8971	1640	1463	2341	1214	8824	6196	3942	3970	3799	4142	5140	2178	7773	235	8894	236	6592	4236	1220	597	9940	1103	1399	1465	3589	5544	4125	3154	2099	8032	9	5820	9277	3662	2491	5974	402	7910	1428	2811	7971	1119	796	4514	717	8106	8616	1730	1734	6831	3142	9466	294	1482	4074	5648	2392	9430	2190	8233	7984	9112	614	6345	7199	9376	66	5627	6869	6252	6215	6498	7350	3245	5488	769	5441	477	2369	1736	8445	9569	1165	9376	1188	316	9896	394	7813	4709	9119	2690	6132	5418	566	8842	3173	5188	5202	5188	9673	2300	4953	7743	3688	63	9847	1702	6784	4414	7779	6646	6812	2073	4609	3327	9049	9918	120	124	7541	7580	1110	8886	8280	7164	1251	6726	2376	3762	868	106	1287	9601	6273	9914	7840	3357	7337	2347	3379	4981	3380	2435	7100	48	5626	3054	6858	9526	9682	1617	1135	6483	8893	8989	9956	3192	9428	1303	159	1075	1166	8405	2439	320	9719	8731	839	9296	9790	6470	7649	1400	2462	4665	1445	1437	9200	1799	8626	5311	1038	9536	1100	1475	9866	8367	2175	3110	9376	3459	979	5342	4730	8541	416	7395	2355	5033	5588	3518	3566	1041	4739	7057	296	5086	2158	8568	379	8768	9383	3134	324	3664	3507	387	423	6660	2513	9612	1825	1971	9467	9163	8559	473	7995	6849	2157	4781	7936	3281	1697	2834	1888	7799	298	9499	6192	6009	8115	1906	5186	253	2892	6138	142	1595	3627	9475	2340	3396	3950	735	2128	147	9716	5667	1743	2707	6317	6287	66	3617	3440	1826	6289	8099	3404	7127	2370	4409	5888	8965	3114	6387	542	1446	7426	9556	4301	1157	2973	6549	2143	8766	8410	9213	867	1553	9253	7615	6780	8519	4339	5637	257	9496	4462	428	4230	4012	2461	7727	10	2592	8503	8184	4291	4732	6425	3733	1175	323	599	856	2012	1898	6864	3361	275	2604	9141	6687	6400	7261	6058	5461	9837	8830	1182	8650	6608	9616	104	468	5162	5245	483	3685	7137	3491	2843	7974	272	1554	8584	2259	8381	2153	6218	4600	3500	6492	8278	1963	18	8952	4097	825	3773	6010	2249	789	6354	7453	3580	7678	8854	8114	1971	8929	2993	7573	9791	5599	7680	941	9624	6401	9754	1140	7074	3784	7238	2392	7328	2409	1691	9618	269	4474	6487	4261	1721	7334	196	1689	1344	3255	5896	5592	5842	5813	6060	1944	5022	1545	3391	6075	7440	5847	9388	51	205	2316	5481	8218	5213	1156	1921	5937	3800	2463	2469	5543	7444	5700	9614	7148	3726	6103	4998	1879	9830	1463	5912	2229	3696	8523	1925	7747	1240	95	4217	6270	1030	9369	7821	3384	7410	1025	430	4174	5786	6928	1805	7784	8290	232	5304	9936	8459	1204	9402	1607	1623	1633	6879	8100	8380	9790	6170	3790	9559	8336	5930	1228	2371	201	9450	8811	4890	4537	6152	8480	4730	7782	1881	7647	4156	6664	8875	2347	689	1320	7947	6447	5470	2843	5271	5420	3514	1913	6310	8004	886	1154	4359	4247	3388	6147	2856	5851	9642	5605	4473	5361	6545	1016	6752	8837	425	3198	9453	3495	200	8058	7840	1272	9411	4699	8314	4103	3716	308	6434	157	5804	1598	6857	2533	4490	783	1664	8432	7453	605	9992	6439	9015	7630	2233	8259	4578	498	9848	3146	1415	8035	819	2458	1437	2043	7983	7483	5471	2631	2388	2592	7618	9643	7222	8415	2421	9302	9560	913	5129	7303	9292	1228	99	240	9742	4319	4047	2314	9314	653	6167	9482	9755	653	1637	1106	9934	8481	2678	5387	1157	9783	6191	3889	2936	1037	1332	4671	297	1928	4966	8701	2639	1589	2397	6471	6294	6929	2823	3168	1861	8791	928	103	7584	2473	8354	6121	1806	5137	9406	5623	9790	8776	6876	3705	8998	198	16	402	5996	8843	8589	6422	6744	1741	5918	2794	4505	1971	5923	8972	2408	1618	5113	1987	74	3270	5421	7175	4921	3379	6066	8163	933	2588	1585	7082	5783	820	7440	8856	8839	4995	342	7323	5839	3787	2542	690	4287	6827	3850	9796	626	9380	1706	2228	1361	7131	3230	4052	5350	1486	1544	6680	68	5739	485	1708	6725	2941	7213	4632	6612	7991	1128	6883	5068	2182	1556	4950	3920	387	9205	8178	2637	9142	9404	1236	2877	5185	428	9000	5613	92	8296	2621	5506	5948	2000	9432	3399	6186	2046	3946	2697	4177	2876	8582	1559	2040	2425	1982	4516	7505	1772	3581	1008	1392	6007	5499	1654	8992	2223	5660	1911	483	4491	3514	8390	5209	8348	1796	9365	835	3132	791	7776	1399	3001	1756	6120	2519	3716	4898	20	7309	661	9630	7523	666	5026	6512	7556	4384	1008	7367	7962	3532	7401	7432	5466	9784	5534	43	4631	6751	7999	2470	8128	7939	5480	8206	4312	3435	6942	1195	4438	4897	8779	6876	3182	7692	3542	4619	6048	5928	9575	7154	2863	5231	4473	221	773	6370	5057	9570	1189	4456	1582	4063	8401	4651	5313	9427	5373	5262	2719	8912	147	6867	1748	8335	969	7245	4347	708	2656	2466	2363	6675	8766	6691	7796	3812	2255	8703	2203	2707	247	4052	6225	9499	539	5591	219	1075	7760	2519	1838	1097	2356	8557	8985	8415	2012	4758	2103	3444	4046	3268	8677	5588	5968	9682	4097	6210	5152	3718	3284	8709	3925	764	1682	480	4854	3553	2783	2967	1914	381	2499	2415	6335	6805	929	8453	495	783	6117	338	8640	4647	3308	4941	9515	18	281	433	4768	5393	2869	3760	1863	7704	9574	7561	8954	63	2772	150	4721	9145	2008	9769	2958	1652	4581	5016	5978	5456	5867	6678	6000	1651	2073	2708	5369	4172	9588	2808	4775	902	2086	6509	1845	7568	1704	763	1583	3691	9282	6297	9519	8691	3378	1679	5927	5713	2428	529	6	9569	2706	1065	1284	5296	1812	3795	4240	6504	3737	1280	1677	4462	318	4227	4712	6475	4510	4496	6013	6203	6899	310	6090	6787	5964	1674	7316	6502	2447	5414	1641	3497	2625	2642	1414	869	7620	2802	6058	8189	784	495	7578	721	2437	9419	3910	4595	9072	943	6652	8104	9533	9719	1740	1856	2059	2129	956	1337	4710	8721	2556	8273	7329	9401	2749	9627	3922	1255	1661	1061	1730	9487	1878	8599	9877	5979	3177	2750	1111	2832	7972	4169	1048	7283	4684	3604	5834	3196	119	3507	4776	9194	4712	4513	2089	1574	3408	4331	7861	7612	2179	2070	6679	5064	2346	8520	5092	7501	7159	6885	9291	6204	7278	7912	7405	7155	2353	693	8863	5572	4300	7804	9229	8039	6515	7953	5122	8242	7113	9242	373	4488	4115	4985	8678	4577	6812	9643	1562	7273	2490	8064	8611	410	7472	8811	4515	3182	1397	3068	7362	8799	9669	7756	5679	5090	55	2217	2051	1797	3183	1827	3420	4196	1493	9766	7112	1458	8709	9865	3792	7205	7784	4166	7016	8115	4292	619	388	6140	7679	9633	7724	4664	2457	2859	2755	5411	2171	512	4837	9637	6538	9357	9984	5975	4785	421	9844	9683	7070	5818	1773	7211	9803	2033	4321	9757	6304	288	213	6502	3511	571	5445	6564	6192	6880	116	5456	614	9472	3920	780	9394	9535	1305	8761	8143	1613	1075	3773	989	2870	2059	8594	2826	7015	7751	9090	4910	7346	6816	3362	5957	9492	8964	8445	5538	5092	5671	8611	658	9775	6075	6481	2335	1570	5184	2883	3239	5895	2413	1558	2396	3429	2223	9587	7581	657	4705	5945	7108	3449	205	6587	225	2354	8594	9258	5224	5967	6663	723	1254	2758	1023	6844	3241	1710	7677	1131	9889	9868	5641	4185	1586	334	8099	5349	1243	9623	8920	699	9964	5596	6948	9126	1811	7470	9287	9571	2808	5017	282	1801	5034	4876	7587	2518	3897	3867	3095	459	5429	3554	4416	3339	3383	698	9311	736	206	4624	9844	1503	6141	1220	4635	1933	1588	8272	6169	4961	1451	8186	5816	8780	2150	4939	4768	230	613	1761	9543	7515	875	9329	9801	4022	6514	3137	971	7533	77	9798	8796	5357	1135	2025	1885	4583	7946	8847	9011	7083	9913	1225	2507	5524	6434	6873	8973	8949	8070	7847	3380	5874	3692	4691	269	1777	7005	2235	7517	1682	2913	4399	8968	7038	

